599000 86000 3870 31 13 25 1.2 South Yes

517000 33000 2470 50 25 47 1.6 North Yes

396000 20000 2220 16 9 48 2.4 West No

558000 67000 2550 25 14 39 1.4 West Yes

496000 22000 2640 32 16 25 2.4 North Yes

464000 52000 2560 24 10 27 1.6 South Yes

413000 16000 2820 36 18 5 2.4 North Yes

505000 24000 2550 36 18 15 2.4 North Yes

577000 68000 2500 52 26 4 1.6 North Yes

572000 34000 4360 54 27 1 1.6 North No

485000 20000 2510 26 13 45 1.6 North No

554000 61000 4790 34 17 25 1.4 North Yes

334000 13000 1960 28 16 49 1.4 West No

306000 31000 1970 25 14 12 1.4 West No

434000 26000 2400 18 10 32 1.6 West Yes

480000 16000 2780 48 24 5 1.8 North Yes

400000 25000 2580 49 28 37 1.2 West Yes

449000 26000 2970 40 23 40 1.6 West Yes

454000 75000 2450 31 13 8 2.1 South No

593000 52000 4320 44 22 12 1.2 North Yes

338000 14000 2250 12 5 30 1.8 South No

376000 25000 2270 31 13 23 2.1 South No

521000 22000 2720 52 26 17 2.1 North No

523000 22000 2600 22 11 33 1.8 North Yes

518000 93000 2510 42 24 6 1.2 West Yes

351000 13000 1870 10 4 46 2.1 South Yes

429000 22000 2410 29 12 24 2.4 South No

428000 40000 2900 41 17 43 2.1 South Yes

488000 43000 2870 32 16 39 1.8 North Yes

488000 19000 2860 44 25 17 1.4 West Yes

553000 40000 2660 55 23 5 1.4 South No

359000 20000 2410 43 18 33 2.1 South Yes

419000 24000 2490 19 11 37 2.4 West No

455000 33000 2590 26 11 11 1.2 South Yes

611000 56000 4320 38 19 48 1.4 North Yes

280000 15000 2190 35 20 39 2.1 West Yes

364000 13000 1610 19 8 7 2.4 South Yes

551000 30000 2580 52 26 24 1.8 North No

347000 12000 2370 43 18 29 2.4 South No

469000 33000 2990 70 29 45 1.6 South No

427000 28000 2400 26 15 46 1.4 West No

443000 28000 2400 67 28 47 2.4 South No

501000 28000 2900 24 12 42 2.4 North No

302000 13000 2050 9 5 26 1.2 West No

461000 22000 2820 55 23 42 1.4 South Yes

469000 21000 3000 55 23 33 1.4 South No

631000 63000 4040 40 20 45 1.4 North No

335000 11000 2050 23 13 9 1.6 West No

357000 27000 2310 7 4 1 1.6 West No

540000 30000 2820 44 22 3 2.4 North Yes

309000 17000 2210 12 6 7 2.6 North Yes

263000 14000 2260 12 7 44 2.4 West Yes

322000 28000 1850 12 5 42 1.8 South Yes

376000 18000 2360 10 4 43 2.4 South Yes

399000 12000 2590 34 14 43 1.8 South No

286000 20000 1910 16 9 45 1.8 West No

280000 17000 1670 30 15 47 1.8 North No

330000 14000 2030 19 11 33 2.1 West No

592000 36000 4180 30 17 11 1.4 West Yes

412000 23000 2740 28 16 47 1.4 West No

455000 76000 2660 55 23 45 1.4 South Yes

406000 15000 2210 12 5 48 1.6 South Yes

470000 25000 2890 37 21 31 1.4 West Yes

386000 18000 2420 19 8 13 2.1 South No

513000 33000 2500 46 23 8 2.1 North Yes

372000 31000 2280 36 15 3 2.4 South No

515000 25000 2710 32 16 32 2.4 North Yes

566000 55000 2690 50 25 1 1.4 North Yes

479000 21000 2600 67 28 35 1.6 South Yes

513000 62000 2610 46 23 45 1.6 North No

481000 29000 2900 40 20 23 2.1 North Yes

606000 52000 4790 47 27 16 1.2 West No

378000 19000 2230 12 5 1 1.8 South No

575000 50000 4010 32 16 26 1.4 North Yes

360000 17000 2320 36 15 16 2.4 South Yes

617000 90000 3750 29 12 28 1.3 South Yes

533000 35000 2400 48 23 52 1.7 North Yes

408000 21000 2150 15 8 53 2.6 West No

575000 70000 2470 24 13 43 1.5 West Yes

511000 23000 2560 30 14 28 2.6 North Yes

478000 55000 2480 23 9 30 1.7 South Yes

425000 17000 2740 34 16 6 2.6 North Yes

520000 25000 2470 34 16 17 2.6 North Yes

594000 71000 2430 49 23 4 1.7 North Yes

589000 36000 4230 51 24 1 1.7 North No

500000 21000 2430 25 12 50 1.7 North No

571000 64000 4650 32 15 28 1.5 North Yes

344000 14000 1900 27 14 54 1.5 West No

315000 33000 1910 24 13 13 1.5 West No

447000 27000 2330 17 9 35 1.7 West Yes

494000 17000 2700 46 22 6 1.9 North Yes

412000 26000 2500 47 25 41 1.3 West Yes

462000 27000 2880 38 21 44 1.7 West Yes

468000 79000 2380 29 12 9 2.3 South No

611000 55000 4190 42 20 13 1.3 North Yes

348000 15000 2180 11 5 33 1.9 South No

387000 26000 2200 29 12 25 2.3 South No

537000 23000 2640 49 23 19 2.3 North No

539000 23000 2520 21 10 36 1.9 North Yes

534000 98000 2430 40 22 7 1.3 West Yes

362000 14000 1810 10 4 51 2.3 South Yes

442000 23000 2340 28 11 26 2.6 South No

441000 42000 2810 39 15 47 2.3 South Yes

503000 45000 2780 30 14 43 1.9 North Yes

503000 20000 2770 42 23 19 1.5 West Yes

570000 42000 2580 52 21 6 1.5 South No

370000 21000 2340 41 16 36 2.3 South Yes

432000 25000 2420 18 10 41 2.6 West No

469000 35000 2510 25 10 12 1.3 South Yes

629000 59000 4190 36 17 53 1.5 North Yes

288000 16000 2120 33 18 43 2.3 West Yes

375000 14000 1560 18 7 8 2.6 South Yes

568000 32000 2500 49 23 26 1.9 North No

357000 13000 2300 41 16 32 2.6 South No

483000 35000 2900 67 26 50 1.7 South No

440000 29000 2330 25 14 51 1.5 West No

456000 29000 2330 64 25 52 2.6 South No

516000 29000 2810 23 11 46 2.6 North No

311000 14000 1990 9 5 29 1.3 West No

475000 23000 2740 52 21 46 1.5 South Yes

483000 22000 2910 52 21 36 1.5 South No

650000 66000 3920 38 18 50 1.5 North No

345000 12000 1990 22 12 10 1.7 West No

368000 28000 2240 7 4 1 1.7 West No

556000 32000 2740 42 20 3 2.6 North Yes

318000 18000 2140 11 5 8 2.8 North No

271000 15000 2190 11 6 48 2.6 West No

332000 29000 1790 11 5 46 1.9 South Yes

387000 19000 2290 10 4 47 2.6 South No

411000 13000 2510 32 13 47 1.9 North No

295000 21000 1850 15 8 50 1.9 West No

288000 18000 1620 29 14 52 1.9 West No

340000 15000 1970 18 10 36 2.3 North Yes

610000 38000 4050 29 15 12 1.5 North Yes

424000 24000 2660 27 14 52 1.5 West Yes

469000 80000 2580 52 21 50 1.5 South Yes

418000 16000 2140 11 5 53 1.7 South Yes

484000 26000 2800 35 19 34 1.5 South No

398000 19000 2350 18 7 14 2.3 West No

528000 35000 2430 44 21 9 2.3 North No

383000 33000 2210 34 14 3 2.6 West No

530000 26000 2630 30 14 35 2.6 West Yes

583000 58000 2610 48 23 1 1.5 West No

493000 22000 2520 64 25 39 1.7 South Yes

528000 65000 2530 44 21 50 1.7 South Yes

495000 30000 2810 38 18 25 2.3 West Yes

624000 55000 4650 45 24 18 1.3 South No

389000 20000 2160 11 5 1 1.9 North Yes

592000 53000 3890 30 14 29 1.5 South No

371000 18000 2250 34 14 18 2.6 North Yes

539000 73000 3950 33 13 20 1.1 South Yes

465000 28000 2520 53 26 38 1.5 North Yes

356000 17000 2260 17 9 38 2.3 West No

502000 57000 2600 26 14 31 1.3 West Yes

446000 19000 2690 34 16 20 2.3 North Yes

418000 44000 2610 25 10 22 1.5 South Yes

372000 14000 2880 38 18 4 2.3 North Yes

455000 20000 2600 38 18 12 2.3 North Yes

519000 58000 2550 55 27 3 1.5 North Yes

515000 29000 4450 57 28 1 1.5 North No

437000 17000 2560 27 13 36 1.5 North No

499000 52000 4890 36 17 20 1.3 North Yes

301000 11000 2000 29 16 39 1.3 West No

275000 26000 2010 26 14 10 1.3 West No

391000 22000 2450 19 10 26 1.5 West Yes

432000 14000 2840 50 24 4 1.7 North Yes

360000 21000 2630 51 29 30 1.1 West Yes

404000 22000 3030 42 23 32 1.5 West Yes

409000 64000 2500 33 13 6 2.0 South No

534000 44000 4410 46 22 10 1.1 North Yes

304000 12000 2300 13 5 24 1.7 South No

338000 21000 2320 33 13 18 2.0 South No

469000 19000 2770 55 27 14 2.0 North No

471000 19000 2650 23 11 26 1.7 North Yes

466000 79000 2560 44 24 5 1.1 West Yes

316000 11000 1910 11 4 37 2.0 South Yes

386000 19000 2460 30 12 19 2.3 South No

385000 34000 2960 43 17 34 2.0 South Yes

439000 37000 2930 34 16 31 1.7 North Yes

439000 16000 2920 46 26 14 1.3 West Yes

498000 34000 2710 58 23 4 1.3 South No

323000 17000 2460 45 18 26 2.0 South Yes

377000 20000 2540 20 11 30 2.3 West No

410000 28000 2640 27 11 9 1.1 South Yes

550000 48000 4410 40 19 38 1.3 North Yes

252000 13000 2230 37 20 31 2.0 West Yes

328000 11000 1640 20 8 6 2.3 South Yes

496000 26000 2630 55 27 19 1.7 North No

312000 10000 2420 45 18 23 2.3 South No

422000 28000 3050 74 30 36 1.5 South No

384000 24000 2450 27 15 37 1.3 West No

399000 24000 2450 70 29 38 2.3 South No

451000 24000 2960 25 12 34 2.3 North No

272000 11000 2090 9 5 21 1.1 West No

415000 19000 2880 58 23 34 1.3 South Yes

422000 18000 3060 58 23 26 1.3 South No

568000 54000 4120 42 20 36 1.3 North No

302000 9000 2090 24 13 7 1.5 West No

321000 23000 2360 7 4 1 1.5 West No

486000 26000 2880 46 22 2 2.3 North Yes

278000 14000 2250 13 6 6 2.5 South No

237000 12000 2310 13 7 35 2.3 South Yes

290000 24000 1890 13 5 34 1.7 West No

338000 15000 2410 11 4 34 2.3 South Yes

359000 10000 2640 36 14 34 1.7 North Yes

257000 17000 1950 17 9 36 1.7 West Yes

252000 14000 1700 32 15 38 1.7 South Yes

297000 12000 2070 20 11 26 2.0 North No

533000 31000 4260 32 17 9 1.3 South No

371000 20000 2790 29 16 38 1.3 South No

410000 65000 2710 58 23 36 1.3 West No

365000 13000 2250 13 5 38 1.5 South No

423000 21000 2950 39 21 25 1.3 North No

347000 15000 2470 20 8 10 2.0 West No

462000 28000 2550 48 23 6 2.0 South Yes

335000 26000 2330 38 15 2 2.3 South No

464000 21000 2760 34 16 26 2.3 North No

509000 47000 2740 53 26 1 1.3 West No

431000 18000 2650 70 29 28 1.5 West No

462000 53000 2660 48 23 36 1.5 North Yes

433000 25000 2960 42 20 18 2.0 North No

545000 44000 4890 49 28 13 1.1 West No

340000 16000 2270 13 5 1 1.7 South Yes

518000 43000 4090 34 16 21 1.3 South No

324000 14000 2370 38 15 13 2.3 North No

749000 120000 5030 28 10 30 0.8 South Yes

646000 46000 3210 45 20 56 1.1 North Yes

495000 28000 2890 14 7 58 1.7 West No

698000 94000 3320 23 11 47 1.0 West Yes

620000 31000 3430 29 13 30 1.7 North Yes

580000 73000 3330 22 8 32 1.1 South Yes

516000 22000 3670 32 14 6 1.7 North Yes

631000 34000 3320 32 14 18 1.7 North Yes

721000 95000 3250 47 21 5 1.1 North Yes

715000 48000 5670 49 22 1 1.1 North No

606000 28000 3260 23 10 54 1.1 North No

693000 85000 6230 31 14 30 1.0 North Yes

418000 18000 2550 25 13 59 1.0 West No

383000 43000 2560 23 11 14 1.0 West No

543000 36000 3120 16 8 38 1.1 West Yes

600000 22000 3610 43 19 6 1.3 North Yes

500000 35000 3350 44 22 44 0.8 West Yes

561000 36000 3860 36 18 48 1.1 West Yes

568000 105000 3190 28 10 10 1.5 South No

741000 73000 5620 40 18 14 0.8 North Yes

423000 20000 2930 11 4 36 1.3 South No

470000 35000 2950 28 10 28 1.5 South No

651000 31000 3540 47 21 20 1.5 North No

654000 31000 3380 20 9 40 1.3 North Yes

648000 130000 3260 38 19 7 0.8 West Yes

439000 18000 2430 9 3 55 1.5 South Yes

536000 31000 3130 26 10 29 1.7 South No

535000 56000 3770 37 14 52 1.5 South Yes

610000 60000 3730 29 13 47 1.3 North Yes

610000 27000 3720 40 20 20 1.0 West Yes

691000 56000 3460 50 18 6 1.0 South No

449000 28000 3130 39 14 40 1.5 South Yes

524000 34000 3240 17 9 44 1.7 West No

569000 46000 3370 23 9 13 0.8 South Yes

764000 78000 5620 34 15 58 1.0 North Yes

350000 21000 2850 32 16 47 1.5 West Yes

455000 18000 2090 17 6 8 1.7 South Yes

689000 42000 3350 47 21 29 1.3 North No

434000 17000 3080 39 14 35 1.7 South No

586000 46000 3890 63 23 54 1.1 South No

534000 39000 3120 23 12 55 1.0 West No

554000 39000 3120 60 22 56 1.7 South No

626000 39000 3770 22 10 50 1.7 North No

378000 18000 2670 8 4 31 0.8 West No

576000 31000 3670 50 18 50 1.0 South Yes

586000 29000 3900 50 18 40 1.0 South No

789000 88000 5250 36 16 54 1.0 North No

419000 15000 2670 21 10 11 1.1 West No

446000 38000 3000 6 3 1 1.1 West No

675000 42000 3670 40 18 4 1.7 North Yes

386000 24000 2870 11 5 8 1.8 South No

329000 20000 2940 11 6 53 1.7 North No

403000 39000 2410 11 4 50 1.3 West No

470000 25000 3070 9 3 52 1.7 West No

499000 17000 3370 31 11 52 1.3 North Yes

358000 28000 2480 14 7 54 1.3 North No

350000 24000 2170 27 12 56 1.3 West No

413000 20000 2640 17 9 40 1.5 South Yes

740000 50000 5430 27 14 13 1.0 South No

515000 32000 3560 25 13 56 1.0 North No

569000 106000 3460 50 18 54 1.0 South Yes

508000 21000 2870 11 4 58 1.1 North Yes

588000 35000 3760 33 17 37 1.0 West No

483000 25000 3150 17 6 16 1.5 West Yes

641000 46000 3250 41 18 10 1.5 North Yes

465000 43000 2960 32 12 4 1.7 South Yes

644000 35000 3520 29 13 38 1.7 North Yes

708000 77000 3500 45 20 1 1.0 North Yes

599000 29000 3380 60 22 42 1.1 North Yes

641000 87000 3390 41 18 54 1.1 North No

601000 41000 3770 36 16 28 1.5 North No

758000 73000 6230 42 22 19 0.8 North Yes

473000 27000 2900 11 4 1 1.3 West No

719000 70000 5210 29 13 31 1.0 West No

450000 24000 3020 32 12 19 1.7 West Yes